b	t	p	lex.type	language	b.z	b.less
0.07583184948584476	12.955494666149459	1.080597972632142e-37	og	Armenian	2.600302346206901	0.01171875
0.0594968402981916	7.137488022977303	1.2074239739970395e-12	nonce	Armenian	-0.0401904693140616	0.01171875
0.05612481415091809	6.987330930163202	3.494493525931084e-12	nonce	Armenian	-0.585265817196601	0.01171875
0.0583550914995626	7.156703339373743	1.05350205275317e-12	nonce	Armenian	-0.224749869634956	0.01171875
0.0499968636602827	5.978939005603055	2.5273172738613006e-9	nonce	Armenian	-1.575825972903229	0.01171875
0.05381230703625845	6.425255508315684	1.5455799157102862e-10	nonce	Armenian	-0.9590738972505284	0.01171875
0.06510136233258525	7.919745705176505	3.3763642792556655e-15	nonce	Armenian	0.8657594445330009	0.01171875
0.05000034390593414	6.010787113813155	2.0841506030652144e-9	nonce	Armenian	-1.5752634042794027	0.01171875
0.061337800320050456	7.380291878207876	2.0764034597342146e-13	nonce	Armenian	0.2573937962065144	0.01171875
0.059790208607739946	7.398223839676453	1.8147677507433203e-13	nonce	Armenian	0.0072314148590707636	0.01171875
0.0658041558299784	7.851589662473122	5.8123990142959855e-15	nonce	Armenian	0.9793633708818215	0.01171875
0.061020237961276216	7.238329037201188	5.858972029291707e-13	nonce	Armenian	0.20606103494568404	0.01171875
0.0648324155692277	7.8159763056067115	7.646790203773232e-15	nonce	Armenian	0.8222852114765545	0.01171875
0.07117801936944203	8.739370782002057	3.98756192603605e-18	nonce	Armenian	1.8480282062997921	0.01171875
0.06184314321208652	7.423791310614609	1.5091280374433062e-13	nonce	Armenian	0.3390805746139842	0.01171875
0.06968957885095507	8.375276015092764	8.600430490100379e-17	nonce	Armenian	1.6074273930253338	0.01171875
0.058308859602278884	6.87730912500629	7.483484126392787e-12	nonce	Armenian	-0.23222308199885347	0.01171875
0.07132021986851592	8.724162429477882	4.50189839857478e-18	nonce	Armenian	1.8710143823009606	0.01171875
0.06377321098370763	7.963657770909321	2.4142424548105522e-15	nonce	Armenian	0.6510687728383328	0.01171875
0.06041085898464206	7.087405438391223	1.7273423460819117e-12	nonce	Armenian	0.10755721463879273	0.01171875
0.050862345165918144	6.1349671585180605	9.728848048471038e-10	nonce	Armenian	-1.4359241417292372	0.01171875
0.06349035182587823	7.681343599399014	2.1567015923927537e-14	nonce	Armenian	0.6053456535261396	0.01171875
0.051282353413762825	6.09859724616157	1.2187660851922225e-9	nonce	Armenian	-1.3680313876968924	0.01171875
0.053055711014907726	6.784169336429593	1.419672731572571e-11	nonce	Armenian	-1.0813747992995069	0.01171875
0.06500486465849678	7.704497867683346	1.8257247111572346e-14	nonce	Armenian	0.850160958348024	0.01171875
0.07690372800220313	9.300850884096075	2.7046602914407414e-20	nonce	Armenian	2.7735674781111315	0.01171875
0.05197910364798633	6.243987510114486	4.913950396333339e-10	nonce	Armenian	-1.2554043321167645	0.01171875
0.057468319727745916	6.757719158446963	1.7031072501516345e-11	nonce	Armenian	-0.3680931922857065	0.01171875
0.06400440618243096	7.732950872383253	1.4552825739983987e-14	nonce	Armenian	0.6884406074176072	0.01171875
0.053048298965069775	6.236857401664185	5.142490697430103e-10	nonce	Armenian	-1.0825729292864914	0.01171875
0.05260106951042478	6.389272955533498	1.9434923113470283e-10	nonce	Armenian	-1.1548658890463217	0.01171875
0.05445016993785006	6.638603191610566	3.8005084343598075e-11	nonce	Armenian	-0.8559657575738725	0.01171875
0.05250682853461417	6.402770324500943	1.7803471999466868e-10	nonce	Armenian	-1.1700995884398724	0.01171875
0.05873721428583316	7.072060762630714	1.921360668225791e-12	nonce	Armenian	-0.1629811580166658	0.01171875
0.06657729443536814	7.6819188477548375	2.174211642627156e-14	nonce	Armenian	1.1043383194405627	0.01171875
0.048826147005170226	5.789916013087602	7.829534144454567e-9	nonce	Armenian	-1.7650679183054854	0.01171875
0.05821263512427624	6.885203753349099	7.1205353995650945e-12	nonce	Armenian	-0.24777740706377485	0.01171875
0.059310496639530176	6.968199243743544	4.000681380965652e-12	nonce	Armenian	-0.07031222108419745	0.01171875
0.06369711945852072	7.4828150683125685	9.724719046782816e-14	nonce	Armenian	0.6387688638961371	0.01171875
0.0664467755104562	7.9732235214169584	2.248480461308485e-15	nonce	Armenian	1.0832404259799349	0.01171875
0.07309406083982312	9.037773704306584	2.915702649305395e-19	nonce	Armenian	2.157749105667609	0.01171875
0.06314971057925907	7.543407104518739	6.178884583728663e-14	nonce	Armenian	0.5502822768218368	0.01171875
0.057646656898530185	6.630278133276991	4.005733959556073e-11	nonce	Armenian	-0.3392656591765041	0.01171875
0.06600398201807024	7.765936631496551	1.1295872471779558e-14	nonce	Armenian	1.0116645228400514	0.01171875
0.06090987136481114	7.249640968699059	5.384599683281312e-13	nonce	Armenian	0.18822068960570007	0.01171875
0.050110092946257304	5.961129325245497	2.8178954344724614e-9	nonce	Armenian	-1.5575228845677478	0.01171875
0.06709381160232855	8.221539609428715	3.0454285233026765e-16	nonce	Armenian	1.1878313773742604	0.01171875
0.06371504278959907	7.88693657602408	4.406720451561824e-15	nonce	Armenian	0.6416661029731958	0.01171875
0.055827505883099475	6.8183607299795606	1.126598515558805e-11	nonce	Armenian	-0.6333245808098725	0.01171875
0.04724614728289126	5.728725416272003	1.1211206558234873e-8	nonce	Armenian	-2.0204689326101555	0.01171875
0.061903759387103345	7.431423047375718	1.4310093620275e-13	nonce	Armenian	0.34887895138853003	0.01171875
0.05063949938886956	6.185607635759965	7.091402214944888e-10	nonce	Armenian	-1.4719463236886285	0.01171875
0.0538473389830598	6.4336539299937385	1.458004292567094e-10	nonce	Armenian	-0.9534111147702715	0.01171875
0.04869079703149575	5.938048067589646	3.2326742022975804e-9	nonce	Armenian	-1.786946732633826	0.01171875
0.06635536396321212	8.2631968945095835	2.1703340976481823e-16	nonce	Armenian	1.0684640930755065	0.01171875
0.06351833100243234	7.588324606991163	4.3923553328563686e-14	nonce	Armenian	0.6098683822143596	0.01171875
0.05638608100701236	6.587681004369083	5.330475023795878e-11	nonce	Armenian	-0.5430330122727993	0.01171875
0.05495940545876892	6.601419581078671	4.847825713750115e-11	nonce	Armenian	-0.7736497503437897	0.01171875
0.0529008323496379	6.198522837982713	6.538398280488405e-10	nonce	Armenian	-1.106410353196322	0.01171875
0.05216864876440981	6.305271935311573	3.329636683306714e-10	nonce	Armenian	-1.2247650767368785	0.01171875
0.05037730744622111	6.170967416008157	7.769075128146529e-10	nonce	Armenian	-1.5143286653755863	0.01171875
0.046961837766210004	5.597887416269071	2.3816204228008192e-8	nonce	Armenian	-2.0664264969773996	0.01171875
0.06506549000225452	7.88531478022668	4.43477794968298e-15	nonce	Armenian	0.8599608172150638	0.01171875
0.06629202659170295	8.120356072188425	6.93712452837266e-16	nonce	Armenian	1.0582258451196775	0.01171875
0.05482789097423856	6.67827758073356	2.9018023755924263e-11	nonce	Armenian	-0.79490857227343	0.01171875
0.05166499950446033	6.037171041729528	1.7826776301410067e-9	nonce	Armenian	-1.306178085885612	0.01171875
0.06041224105779956	7.335413980187104	2.8782877764903823e-13	nonce	Armenian	0.10778062156810543	0.01171875
0.063193896863366	7.4104641029763965	1.6623788878138514e-13	nonce	Armenian	0.5574248235072171	0.01171875
0.07039015988291963	8.54492914652072	2.085594705362697e-17	nonce	Armenian	1.7206736826564972	0.01171875
0.06346982016158992	7.334305500681887	2.9205849322267535e-13	nonce	Armenian	0.6020267871930282	0.01171875
0.06607237168176239	8.141645671121134	5.777502536057047e-16	nonce	Armenian	1.022719454830631	0.01171875
0.04724047499553029	5.653954882144404	1.7272996240695437e-8	nonce	Armenian	-2.0213858365342463	0.01171875
0.06475304681258834	7.711813499698355	1.7111484637678423e-14	nonce	Armenian	0.8094555503924663	0.01171875
0.0642929186217894	7.572622040122574	4.931246688757854e-14	nonce	Armenian	0.7350775584326219	0.01171875
0.052927230270953245	6.426937822231187	1.527425313011824e-10	nonce	Armenian	-1.1021432284719266	0.01171875
0.061049504440096956	7.429676780612865	1.4322865880109273e-13	nonce	Armenian	0.210791851205045	0.01171875
0.06153642703930928	7.596995597575733	4.111316849906506e-14	nonce	Armenian	0.28950105853789126	0.01171875
0.053138114988810145	6.402347882850587	1.7883348672319442e-10	nonce	Armenian	-1.0680545067572673	0.01171875
0.06079346882519477	7.2757731609433955	4.457530085021654e-13	nonce	Armenian	0.1694046567504673	0.01171875
0.04849761987063285	5.762303217602439	9.21717533401609e-9	nonce	Armenian	-1.8181730943408507	0.01171875
0.07053932250218195	8.290381959930857	1.730733107631993e-16	nonce	Armenian	1.7447852592085409	0.01171875
0.061313347221158776	7.284426003458054	4.1836923134830497e-13	nonce	Armenian	0.253441044714369	0.01171875
0.05976159862403261	6.995140094088888	3.301979713122955e-12	nonce	Armenian	0.0026067185663686625	0.01171875
0.060020148792793764	7.203910730470874	7.522197353361049e-13	nonce	Armenian	0.0444003811975216	0.01171875
0.06932102945020618	8.198721501139879	3.660996622784555e-16	nonce	Armenian	1.5478527681406686	0.01171875
0.05808485334165298	7.0295364735904124	2.5836093901096213e-12	nonce	Armenian	-0.26843285176509796	0.01171875
0.05001711929869434	5.966622960449884	2.7296291612924823e-9	nonce	Armenian	-1.5725517251152232	0.01171875
0.060244187297190235	7.252645646277929	5.294728402438514e-13	nonce	Armenian	0.08061536304804214	0.01171875
0.05981063819717566	7.196786974273079	7.854814147199835e-13	nonce	Armenian	0.010533781176061357	0.01171875
0.04998132925864073	6.124184056946166	1.0377589395343161e-9	nonce	Armenian	-1.5783370505192755	0.01171875
0.05981653939792887	7.150376140581071	1.0990180050882424e-12	nonce	Armenian	0.011487688089293431	0.01171875
0.058087332458972386	6.8878888720924	6.964286409815877e-12	nonce	Armenian	-0.2680321117719018	0.01171875
0.05544925953843907	6.5700760472715825	5.993575686774432e-11	nonce	Armenian	-0.694466680217308	0.01171875
0.06752888223051363	8.189214525848008	3.9312232208664827e-16	nonce	Armenian	1.2581589085540545	0.01171875
0.06765707430006375	8.063507108531622	1.092827831195293e-15	nonce	Armenian	1.2788806745944246	0.01171875
0.06098710460431508	7.253386718382614	5.252751732044431e-13	nonce	Armenian	0.20070515237439618	0.01171875
0.07593000697602889	9.137555878944017	1.1826102765394064e-19	nonce	Armenian	2.6161691354228305	0.01171875
0.0742408650329124	8.76079412576219	3.317506969939303e-18	nonce	Armenian	2.343125691494716	0.01171875
0.06582048793678297	8.091085297432786	8.726261155683967e-16	nonce	Armenian	0.9820033945380305	0.01171875
0.06324514041697711	7.5064253196936885	8.150322402523747e-14	nonce	Armenian	0.5657081512726013	0.01171875
0.06150028964228886	7.326008569476125	3.0880847840009077e-13	nonce	Armenian	0.2836595841862161	0.01171875
0.061859269920597953	7.552880460836268	5.743500210694997e-14	nonce	Armenian	0.3416873964084055	0.01171875
0.06300139940278068	7.61336736267545	3.622390953968985e-14	nonce	Armenian	0.5263083327943893	0.01171875
0.0599324485473164	7.088795908377442	1.7022589798646545e-12	nonce	Armenian	0.030223966269182435	0.01171875
0.05149711825555336	6.171147550255374	7.750056294053704e-10	nonce	Armenian	-1.3333154585376341	0.01171875
0.06228529924772082	7.496292746350837	8.721630004462386e-14	nonce	Armenian	0.41055343526680005	0.01171875
0.06607627989534257	7.963741436694787	2.4076276145861084e-15	nonce	Armenian	1.023351202860977	0.01171875
0.05793125067115356	6.957396852287854	4.292453628901239e-12	nonce	Armenian	-0.29326214590501937	0.01171875
0.0586307367717296	6.993592891110356	3.3395430197739087e-12	nonce	Armenian	-0.18019284781586647	0.01171875
0.055884160560005745	6.940859610601017	4.821033748080631e-12	nonce	Armenian	-0.6241665653096583	0.01171875
0.05512130258630662	6.659189963101358	3.2983038132971514e-11	nonce	Armenian	-0.7474796884108043	0.01171875
0.06509985018551574	7.755198818589914	1.2243568400269478e-14	nonce	Armenian	0.8655150116448912	0.01171875
0.05491231242129468	6.600608206429889	4.8776223739398044e-11	nonce	Armenian	-0.7812621627815979	0.01171875
0.06986922806872135	8.537594699560819	2.1860050615500552e-17	nonce	Armenian	1.6364670135958794	0.01171875
0.06700380634034644	8.246197306417615	2.4874714320495467e-16	nonce	Armenian	1.1732823651947955	0.01171875
0.06158905068714884	7.492409349022651	9.01907114896446e-14	nonce	Armenian	0.29800747334614713	0.01171875
0.053644849635764345	6.499103930859906	9.531732721757103e-11	nonce	Armenian	-0.9861427564002814	0.01171875
0.06877926572598117	8.013601081445403	1.6374089870778649e-15	nonce	Armenian	1.4602786991522476	0.01171875
0.05914808701899081	7.1704081832458435	9.48588831266594e-13	nonce	Armenian	-0.09656512558392799	0.01171875
0.06289736902444786	7.650862274229087	2.7172831402437625e-14	nonce	Armenian	0.5094922132912925	0.01171875
0.0617294424225493	7.554345718902883	5.6720773249719375e-14	nonce	Armenian	0.32070126950046024	0.01171875
0.05838623138712563	6.84336306523457	9.463299872901224e-12	nonce	Armenian	-0.2197162238964241	0.01171875
0.06533293549718425	7.704136845714065	1.81269566595176e-14	nonce	Armenian	0.9031923758749246	0.01171875
0.058611655796978614	7.159187943854829	1.0320047944994165e-12	nonce	Armenian	-0.18327721563986488	0.01171875
0.06551198185590047	7.905856068547309	3.7723596214354126e-15	nonce	Armenian	0.9321345465467799	0.01171875
0.06806799054015927	8.417575536410546	6.06402744559012e-17	nonce	Armenian	1.345303739760083	0.01171875
0.05576373824751085	6.630116577064355	4.022967965114574e-11	nonce	Armenian	-0.6436323793363518	0.01171875
0.05351304879792958	6.3825866855651245	2.0356241813579235e-10	nonce	Armenian	-1.0074478662648905	0.01171875
0.051904143534804596	6.103411960946582	1.183456657310458e-9	nonce	Armenian	-1.2675213525624347	0.01171875
0.07140213352258669	8.534675555477087	2.2610151849117707e-17	nonce	Armenian	1.8842554164860181	0.01171875
0.06110981367659191	7.208203189311835	7.293157738678236e-13	nonce	Armenian	0.2205406125216199	0.01171875
0.05813876743816369	7.209033512552631	7.171539481817724e-13	nonce	Armenian	-0.25971784078123994	0.01171875
0.0708399398802161	8.417990039053734	6.00391245851574e-17	nonce	Armenian	1.7933789280458927	0.01171875
0.05841818054801228	6.973961195014512	3.815821134460452e-12	nonce	Armenian	-0.2145517621679973	0.01171875
0.062272775684368474	7.39426004138131	1.8661509681405893e-13	nonce	Armenian	0.4085290483395137	0.01171875
0.054640296586536796	6.579368159170723	5.6259217927336224e-11	nonce	Armenian	-0.825232499690194	0.01171875
0.059304383416176554	7.206797853699142	7.361404447862779e-13	nonce	Armenian	-0.07130040065357997	0.01171875
0.05661689580999933	6.6770486957409405	2.9326933956397343e-11	nonce	Armenian	-0.505722667234019	0.01171875
0.06020764266918026	6.982372594403563	3.6297428066217685e-12	nonce	Armenian	0.07470806133809474	0.01171875
0.06246914387166941	7.5027413977144946	8.404712604828549e-14	nonce	Armenian	0.44027122747198133	0.01171875
0.06259882563522949	7.504587319629671	8.260577983833435e-14	nonce	Armenian	0.46123379694781047	0.01171875
0.05612676546676693	6.696678240675061	2.575174643575504e-11	nonce	Armenian	-0.5849503943265869	0.01171875
0.05707575894677021	6.743074261958061	1.8793620980005494e-11	nonce	Armenian	-0.43154916650120534	0.01171875
0.05616896462930896	6.927014854611149	5.324670837255877e-12	nonce	Armenian	-0.5781290583705933	0.01171875
0.0616336880971111	7.3581101331111185	2.427747722105924e-13	nonce	Armenian	0.3052229428298077	0.01171875
0.0570458527496458	6.881960790867986	7.241794914435892e-12	nonce	Armenian	-0.4363833908190127	0.01171875
0.05559721863980232	6.690248161160941	2.674219470293064e-11	nonce	Armenian	-0.6705496478084194	0.01171875
0.05219873328675824	6.303994155013387	3.362958392689631e-10	nonce	Armenian	-1.219902026817112	0.01171875
0.057565158908266335	6.795205518829668	1.3175889688139227e-11	nonce	Armenian	-0.3524395028700692	0.01171875
0.06155059479364027	7.3999074169587145	1.7944322306770812e-13	nonce	Armenian	0.29179122275471453	0.01171875
0.06108112057241447	7.291745079496381	3.9603993025346376e-13	nonce	Armenian	0.2159024801174586	0.01171875
0.04881662757203477	5.903058599521598	3.9991030746221275e-9	nonce	Armenian	-1.7666066988787468	0.01171875
0.06182042564174306	7.3666609224596264	2.2986536676323077e-13	nonce	Armenian	0.3354083647860685	0.01171875
0.06558066961506988	7.607282127321221	3.8174542931135345e-14	nonce	Armenian	0.9432376645504195	0.01171875
0.05702942896753025	6.8359442582027725	9.977033538483456e-12	nonce	Armenian	-0.43903823344454135	0.01171875
0.059803193600167406	7.171316863073087	9.510195414201152e-13	nonce	Armenian	0.009330390061375433	0.01171875
0.06729410722407969	8.168989317963655	4.64781488373902e-16	nonce	Armenian	1.2202084115184433	0.01171875
0.06250110218126341	7.758547199146742	1.195343268977596e-14	nonce	Armenian	0.44543716805455164	0.01171875
0.0540871738056187	6.550387971120022	6.819268863794043e-11	nonce	Armenian	-0.9146427174829789	0.01171875
0.0810445537851531	9.57692415486102	2.1211034859891434e-21	nonce	Armenian	3.442916396412794	0.01171875
0.06189572116125728	7.289915638296222	4.023103538813677e-13	nonce	Armenian	0.3475796024042567	0.01171875
0.06294249275926782	7.512740986807355	7.744146472332101e-14	nonce	Armenian	0.5167862953596174	0.01171875
0.06430508770900031	7.648884826554393	2.7817187726640224e-14	nonce	Armenian	0.7370446456244766	0.01171875
0.055612335835497996	6.801981632322346	1.2624500109061338e-11	nonce	Armenian	-0.6681060099648956	0.01171875
0.058496610698311094	7.189001551349773	8.301166479814646e-13	nonce	Armenian	-0.20187382326969683	0.01171875
0.05046669452289253	6.245743923456809	4.858332943557342e-10	nonce	Armenian	-1.499879580527217	0.01171875
0.0559103432701778	6.702438111059085	2.476377682510451e-11	nonce	Armenian	-0.6199342286573821	0.01171875
0.06421252657061295	8.101568153681894	8.042005095406794e-16	nonce	Armenian	0.7220824856342021	0.01171875
0.05492322658586574	6.314641702735481	3.1464943486794254e-10	nonce	Armenian	-0.7794979291159629	0.01171875
0.06236706831624482	7.463890918077266	1.1120248657880632e-13	nonce	Armenian	0.4237710977418639	0.01171875
0.0600686254196782	7.052493886520077	2.2042216209717086e-12	nonce	Armenian	0.05223644566118911	0.01171875
0.059629314538235646	7.066557064715899	2.0007978559047497e-12	nonce	Armenian	-0.01877650651431602	0.01171875
0.06457982412764514	7.980353636313957	2.1039606584932006e-15	nonce	Armenian	0.7814547546889969	0.01171875
0.06395487167811041	7.771356318101662	1.081489632850833e-14	nonce	Armenian	0.6804335410440138	0.01171875
0.059311337214078975	7.322287531113352	3.1593564141615557e-13	nonce	Armenian	-0.0701763453689458	0.01171875
0.06691809510041735	8.162808141960232	4.873965931915362e-16	nonce	Armenian	1.15942746553467	0.01171875
0.06467463071446371	7.933316272008454	3.049844637251534e-15	nonce	Armenian	0.796779882975286	0.01171875
0.06053184923366795	7.567269369716165	5.1274935940697716e-14	nonce	Armenian	0.12711483347027974	0.01171875
0.0661035408182961	8.067414595862276	1.0550019500857942e-15	nonce	Armenian	1.0277578285552977	0.01171875
0.057712241830128096	6.697339596943143	2.5635632822151503e-11	nonce	Armenian	-0.3286641015831596	0.01171875
0.05691680392898893	7.004991978139197	3.09351990838998e-12	nonce	Armenian	-0.4572436474544036	0.01171875
0.0711062583980201	8.539811650793872	2.1813202361831998e-17	nonce	Armenian	1.836428315090815	0.01171875
0.05557979508930362	6.786480626522112	1.3949949989623284e-11	nonce	Armenian	-0.6733660992339535	0.01171875
0.060016943906018756	7.111486218588615	1.4537203552419833e-12	nonce	Armenian	0.04388232330072156	0.01171875
0.06431225520722991	7.635411481224514	3.0747635444160204e-14	nonce	Armenian	0.7382032447634853	0.01171875
0.05029524236341908	5.9364807092109295	3.2747985104142554e-9	nonce	Armenian	-1.527594177445679	0.01171875
0.05907861925593659	7.11639887884	1.4028107531744671e-12	nonce	Armenian	-0.10779432828273194	0.01171875
0.06378369066277088	7.870990689774435	4.958786474708681e-15	nonce	Armenian	0.6527627735552968	0.01171875
0.06128158634320116	7.314294676189516	3.3775792807551147e-13	nonce	Armenian	0.2483070182134773	0.01171875
0.057956424035266726	6.943125958148514	4.761508062048845e-12	nonce	Armenian	-0.28919296624801916	0.01171875
0.04606873864457973	5.6172584719378325	2.127282010914089e-8	nonce	Armenian	-2.2107926119346715	0.01171875
0.054758310629053765	6.48325703438463	1.0574447653996134e-10	nonce	Armenian	-0.8061559734503326	0.01171875
0.06272375318481685	7.379618202295793	2.0817064958934487e-13	nonce	Armenian	0.48142786561080164	0.01171875
0.06365994408437266	7.787354245669811	9.559198110400809e-15	nonce	Armenian	0.6327596044445751	0.01171875
0.052501889683353425	6.294916538559694	3.557653117789974e-10	nonce	Armenian	-1.1708979351760826	0.01171875
0.047812877935714655	5.780746703841493	8.25819990971111e-9	nonce	Armenian	-1.9288590534895016	0.01171875
0.05218393347127473	6.263299778423964	4.3649371845354504e-10	nonce	Armenian	-1.222294361342689	0.01171875
0.06689281946544598	7.974582182001335	2.208897415689044e-15	nonce	Armenian	1.1553417541779794	0.01171875
0.06202141591030873	7.38671077804282	1.977775245592679e-13	nonce	Armenian	0.36789768597594663	0.01171875
0.05941111164312577	7.1663131455568445	9.783248110571346e-13	nonce	Armenian	-0.054048184065559446	0.01171875
0.06017431568372564	7.154996550294097	1.0627331040041233e-12	nonce	Armenian	0.06932087944887899	0.01171875
0.06515529758345515	7.573598795153762	4.9244798424916633e-14	nonce	Armenian	0.8744778750394824	0.01171875
0.06537445540516128	7.768699742899503	1.108882276647959e-14	nonce	Armenian	0.9099039128844848	0.01171875
0.0590703188183463	6.869888656973137	7.91938619108922e-12	nonce	Armenian	-0.10913606280954294	0.01171875
0.05828536874934731	7.032468611305977	2.5300078626538047e-12	nonce	Armenian	-0.23602029004959416	0.01171875
0.05314781703603082	6.637076889089607	3.8251567530804756e-11	nonce	Armenian	-1.0664862073037602	0.01171875
0.05756500501927077	7.002925263010208	3.122154040492413e-12	nonce	Armenian	-0.3524643784475798	0.01171875
0.06264147008564312	7.706530331585474	1.7765542282877125e-14	nonce	Armenian	0.46812711201396573	0.01171875
0.06099526306975563	7.325813854112838	3.096264920066412e-13	nonce	Armenian	0.2020239376370176	0.01171875
0.06226242084158263	7.786655025560179	9.61903743200477e-15	nonce	Armenian	0.4068552269374089	0.01171875
0.05737171093426457	6.843671945232901	9.468456525127354e-12	nonce	Armenian	-0.3837096405027337	0.01171875
0.050774877161143366	6.110163789640719	1.134299206992115e-9	nonce	Armenian	-1.4500630158212289	0.01171875
0.07358515460428416	8.749199549228926	3.629781552077284e-18	nonce	Armenian	2.2371325661793224	0.01171875
0.07080311236405012	8.742056267465278	3.870304752568791e-18	nonce	Armenian	1.7874258985291884	0.01171875
0.05969304532705261	7.248384880297223	5.421773946431754e-13	nonce	Armenian	-0.008474664129931893	0.01171875
0.06264237477772577	7.361685525494944	2.3918071676349714e-13	nonce	Armenian	0.46827335208748244	0.01171875
0.0654186730496986	7.497839634221875	8.688086296305605e-14	nonce	Armenian	0.9170515288655225	0.01171875
0.06024407943259243	7.393268157501565	1.8807613807448167e-13	nonce	Armenian	0.08059792714137848	0.01171875
0.05885417805107598	7.064471181476226	2.02188063686432e-12	nonce	Armenian	-0.1440744051491265	0.01171875
0.05843376147330114	7.149353920411734	1.1068989110529364e-12	nonce	Armenian	-0.21203316417935938	0.01171875
0.05330851795546579	6.477343725122193	1.1004847081538317e-10	nonce	Armenian	-1.0405095079128355	0.01171875
0.06441188232089773	7.59981753931253	4.008157430189151e-14	nonce	Armenian	0.7543075930897658	0.01171875
0.05454534985657313	6.633556828294098	3.9268473511148486e-11	nonce	Armenian	-0.8405802815889493	0.01171875
0.06557355157524003	7.848575501013417	6.013423849966614e-15	nonce	Armenian	0.9420870601757668	0.01171875
0.05419061592498047	6.606601019841443	4.6889339516165716e-11	nonce	Armenian	-0.8979216878306984	0.01171875
0.05568574144490237	6.655774271351098	3.3789201401128105e-11	nonce	Armenian	-0.6562402692098986	0.01171875
0.055427952529888344	6.552123180102892	6.73094097429442e-11	nonce	Armenian	-0.6979108780351435	0.01171875
0.06022391839237935	7.227565178942084	6.311118497230293e-13	nonce	Armenian	0.07733897079648053	0.01171875
0.05695939873459706	6.620175303558851	4.292655597516989e-11	nonce	Armenian	-0.45035835728439333	0.01171875
0.05837661736005212	7.042442720988584	2.3752903620585532e-12	nonce	Armenian	-0.22127029522409805	0.01171875
0.0566250037363911	6.692228930431034	2.657600277527133e-11	nonce	Armenian	-0.504412051418607	0.01171875
0.05979318834448192	7.202452565108046	7.57327084800578e-13	nonce	Armenian	0.007713078099595354	0.01171875
0.059833066527161353	7.106968680353487	1.502342792379436e-12	nonce	Armenian	0.014159236387689136	0.01171875
0.05614442351906902	6.850448692785742	9.00329385484117e-12	nonce	Armenian	-0.5820960365662617	0.01171875
0.04604731739687028	5.5931201046124075	2.4501013908495878e-8	nonce	Armenian	-2.2142552760829752	0.01171875
0.06154372405518382	7.218350394723967	6.757312120232576e-13	nonce	Armenian	0.2906805937172172	0.01171875
0.050669444703544016	6.079451511690674	1.3699641237732766e-9	nonce	Armenian	-1.4671057761659383	0.01171875
0.05990186638282936	7.268456423205964	4.696254478902166e-13	nonce	Armenian	0.025280474368843956	0.01171875
0.06205544084452437	7.320173285784941	3.2212427369902704e-13	nonce	Armenian	0.37339768865809303	0.01171875
0.05804833775224414	7.085422032371153	1.7552184644271266e-12	nonce	Armenian	-0.2743354594943571	0.01171875
0.05799465318222328	6.8767857271698	7.530793954988721e-12	nonce	Armenian	-0.2830133683841521	0.01171875
0.04607359590327043	5.476637764335086	4.718322892859986e-8	nonce	Armenian	-2.2100074543306203	0.01171875
0.0642191622808583	7.781406971505132	9.997887965658555e-15	nonce	Armenian	0.7231551232450812	0.01171875
0.06232443351087372	7.531636963254703	6.72657441346196e-14	nonce	Armenian	0.416879341760568	0.01171875
0.057923927570586314	7.004794102859878	3.0776875131874143e-12	nonce	Armenian	-0.29444589757684364	0.01171875
0.06517407345737636	7.983573081732157	2.063851093428075e-15	nonce	Armenian	0.8775129244615274	0.01171875
0.061983086935239184	7.396063375617701	1.848802453206056e-13	nonce	Armenian	0.36170195127296845	0.01171875
0.05717935874666691	6.892469429164244	6.771905865745679e-12	nonce	Armenian	-0.41480264838333286	0.01171875
0.05166802296262569	6.341433032587198	2.6444128563455786e-10	nonce	Armenian	-1.30568935524139	0.01171875
0.053325042635306213	6.373526764684749	2.150042714054107e-10	nonce	Armenian	-1.0378383555494561	0.01171875
0.061939165338271554	7.391501722613547	1.9094814624671765e-13	nonce	Armenian	0.35460219026843254	0.01171875
0.055526937974446466	6.715402872701178	2.2604654763895544e-11	nonce	Armenian	-0.6819102531077681	0.01171875
0.05835011723302546	6.822683636668516	1.0927218105368538e-11	nonce	Armenian	-0.22555394111743338	0.01171875
0.052681231413386986	6.250979001471078	4.703949582406324e-10	nonce	Armenian	-1.1419080188413766	0.01171875
0.05470773879717149	6.614453400851997	4.4467136625154644e-11	nonce	Armenian	-0.8143307199239264	0.01171875
0.0617811877262959	7.312244623617597	3.4220244617288405e-13	nonce	Armenian	0.3290657032886659	0.01171875
0.0558998512701854	6.704156949071302	2.4429368722497908e-11	nonce	Armenian	-0.6216302210062146	0.01171875
