b	t	p	lex.type	language	b.z	b.less
0.06740996519431963	10.71370098232469	2.484404110791417e-26	og	Turkish	1.7928978617867783	0.04296875
0.05625401959586475	6.62606875225194	4.254684952823761e-11	nonce	Turkish	-0.08503979013570767	0.04296875
0.056259361022564396	6.663271497451094	3.317721702484915e-11	nonce	Turkish	-0.08414064033027656	0.04296875
0.061238721068724	7.296471876129227	4.0029196138959093e-13	nonce	Turkish	0.7540606246935266	0.04296875
0.05923981106370457	7.171337659000444	9.875467390858681e-13	nonce	Turkish	0.4175738313417858	0.04296875
0.0576740253814239	6.783104990257423	1.4819112349347875e-11	nonce	Turkish	0.15399708102101825	0.04296875
0.05312911748568534	6.202261848258847	6.55785499904636e-10	nonce	Turkish	-0.6110706209144733	0.04296875
0.06659892539516113	7.864182957373392	5.568270669743227e-15	nonce	Turkish	1.6563713645386784	0.04296875
0.06251360643976517	7.341505809153427	2.877917598948344e-13	nonce	Turkish	0.9686686307145465	0.04296875
0.057544832494384135	6.778258724665122	1.53689326456286e-11	nonce	Turkish	0.13224937843575715	0.04296875
0.0628111734195605	7.3868516352099025	2.0673643943865407e-13	nonce	Turkish	1.0187596095916664	0.04296875
0.04693544882346797	5.588705522928485	2.545694268540363e-8	nonce	Turkish	-1.6536826954948056	0.04296875
0.04945220094966131	5.725347587077787	1.1635291447421125e-8	nonce	Turkish	-1.2300248767448612	0.04296875
0.0588101814258645	7.012466539572972	3.0489094715362574e-12	nonce	Turkish	0.34525206657865887	0.04296875
0.05665237250800603	6.594976378758635	5.239662325260311e-11	nonce	Turkish	-0.017982997337551924	0.04296875
0.04782022878711711	5.626407678556828	2.055268194806501e-8	nonce	Turkish	-1.504743137414364	0.04296875
0.06171425107969262	7.22636739932659	6.669067718647312e-13	nonce	Turkish	0.8341090351429968	0.04296875
0.05039400835356253	6.091191185461376	1.3037607788760043e-9	nonce	Turkish	-1.0714855965882393	0.04296875
0.050891767977255524	5.9155533658514035	3.777885520965278e-9	nonce	Turkish	-0.9876951611930267	0.04296875
0.05463833086376542	6.4703974065701475	1.182525674937793e-10	nonce	Turkish	-0.35701697727943754	0.04296875
0.05937632454665262	6.878768963165941	7.681431546350858e-12	nonce	Turkish	0.4405538474561278	0.04296875
0.05182965670977352	6.099322208247141	1.2416262537280892e-9	nonce	Turkish	-0.8298155311280195	0.04296875
0.05839865657030028	6.887009071441483	7.2679326615336055e-12	nonce	Turkish	0.27597797285476616	0.04296875
0.06179363106223248	7.235350816931851	6.250339238172574e-13	nonce	Turkish	0.8474714755300492	0.04296875
0.05495339304184869	6.428479768404163	1.5566269305547464e-10	nonce	Turkish	-0.3039809417683623	0.04296875
0.05236113257097908	6.224915394481444	5.670410040804598e-10	nonce	Turkish	-0.7403494682078052	0.04296875
0.04784636482059511	5.570467919409457	2.8306052507278065e-8	nonce	Turkish	-1.5003435245884424	0.04296875
0.05165758702923112	6.035230156128314	1.8396238835662573e-9	nonce	Turkish	-0.8587809047033081	0.04296875
0.06034407393651923	7.053021554488985	2.2884595830480326e-12	nonce	Turkish	0.6034600754236813	0.04296875
0.0693760765699792	8.056851110578284	1.2247268775798172e-15	nonce	Turkish	2.1238634933093623	0.04296875
0.05205402661883603	5.909133974502079	3.935910312914671e-9	nonce	Turkish	-0.792046191320082	0.04296875
0.057476230349826074	6.600085211862987	5.048303280202704e-11	nonce	Turkish	0.12070122690245683	0.04296875
0.06704882302490858	7.797183467727116	9.439785916017803e-15	nonce	Turkish	1.7321049445348413	0.04296875
0.053158155342852946	6.389906725400221	1.9936679423653858e-10	nonce	Turkish	-0.6061825291946873	0.04296875
0.0510064921677031	5.951017740438531	3.065321248395128e-9	nonce	Turkish	-0.9683830486583732	0.04296875
0.06007834572781322	7.038971194217363	2.515517824001999e-12	nonce	Turkish	0.5587286805004174	0.04296875
0.04699528517591193	5.358567043862886	9.201296963239443e-8	nonce	Turkish	-1.6436101347946375	0.04296875
0.0567555302220336	6.761144980597784	1.716161168129524e-11	nonce	Turkish	-6.17929217692209e-4	0.04296875
0.05208611904587898	6.2197575040886175	5.877399954052277e-10	nonce	Turkish	-0.7866439081560367	0.04296875
0.06766998164435808	7.99639857687919	1.983761397656329e-15	nonce	Turkish	1.8366677670213523	0.04296875
0.05858981697952753	6.820999387589321	1.1428444717326106e-11	nonce	Turkish	0.30815698689500026	0.04296875
0.05517545812383061	6.250464882452397	4.834766941174748e-10	nonce	Turkish	-0.26659958534718514	0.04296875
0.0529632022203046	6.333801725337672	2.8491980442350153e-10	nonce	Turkish	-0.6389999901586508	0.04296875
0.05585597741163777	6.5679398793104715	6.23085473701093e-11	nonce	Turkish	-0.15204427650724808	0.04296875
0.06629163117981364	7.715507581691714	1.757897213618753e-14	nonce	Turkish	1.6046429501137323	0.04296875
0.06859532882965538	7.777919730417199	1.0973772056739373e-14	nonce	Turkish	1.9924362139928908	0.04296875
0.06074703528793287	7.067052814496377	2.0701961905893326e-12	nonce	Turkish	0.6712926304868806	0.04296875
0.05971555065767753	7.23173839525752	6.377119997956491e-13	nonce	Turkish	0.49765752197540364	0.04296875
0.057589798813855085	6.841923849796092	9.894209628845348e-12	nonce	Turkish	0.1398187900699057	0.04296875
0.05890143059027283	6.951904455337811	4.636410406378804e-12	nonce	Turkish	0.36061250734421796	0.04296875
0.048280347971269545	5.6055088691082595	2.3217195028750275e-8	nonce	Turkish	-1.427288910637622	0.04296875
0.05101306397867637	5.961685603965189	2.8648275729469087e-9	nonce	Turkish	-0.9672767819453361	0.04296875
0.06195635629123243	7.2093654429102285	7.511028997701903e-13	nonce	Turkish	0.8748638495569578	0.04296875
0.054278772282223324	6.303961373945743	3.438707297397261e-10	nonce	Turkish	-0.4175433210474873	0.04296875
0.052226744496380526	6.407792207743157	1.7730626350565559e-10	nonce	Turkish	-0.7629717034124076	0.04296875
0.060575726078388785	7.037788894926411	2.5458972608613014e-12	nonce	Turkish	0.6424552709027255	0.04296875
0.04735782470985078	5.4529881757816785	5.4658680100092464e-8	nonce	Turkish	-1.582581991990813	0.04296875
0.06220343286697611	7.220148831676153	6.989956860937846e-13	nonce	Turkish	0.9164555192547197	0.04296875
0.04920285362919756	5.766065358988677	9.194939906062845e-9	nonce	Turkish	-1.2719987925704916	0.04296875
0.06773779766659065	7.629014806997384	3.4180163185181445e-14	nonce	Turkish	1.848083586543794	0.04296875
0.056435315925910265	6.677602457551054	3.008827170885721e-11	nonce	Turkish	-0.054521247234692156	0.04296875
0.05987704721302032	7.089617043827043	1.7653067973536425e-12	nonce	Turkish	0.5248430670515658	0.04296875
0.056290487168605345	6.584026607891103	5.616616345694394e-11	nonce	Turkish	-0.07890101621292402	0.04296875
0.05600745017159904	6.6772359091955025	3.0164879891475237e-11	nonce	Turkish	-0.1265460884189796	0.04296875
0.058592270809651015	6.897615924125922	6.788466249012645e-12	nonce	Turkish	0.30857005272968385	0.04296875
0.06150082187593405	7.1193740975595	1.4303655815989767e-12	nonce	Turkish	0.7981814004821071	0.04296875
0.06540354468939576	7.714225601670658	1.7683956165522816e-14	nonce	Turkish	1.4551467873903832	0.04296875
0.05669251703433707	6.5588256590834035	6.64147775905198e-11	nonce	Turkish	-0.01122526292137698	0.04296875
0.05314332700935751	5.9871619255102315	2.4603331945499837e-9	nonce	Turkish	-0.6086786587733576	0.04296875
0.04786739220656306	5.465192357870117	5.1071793201199414e-8	nonce	Turkish	-1.4968038766507372	0.04296875
0.05175050535061244	6.031540407701042	1.8775638151628934e-9	nonce	Turkish	-0.8431394861668488	0.04296875
0.048618856252965276	5.649120616278135	1.8117628165731308e-8	nonce	Turkish	-1.370306072018183	0.04296875
0.05421128437292836	6.459666361032493	1.2698474956842363e-10	nonce	Turkish	-0.42890390763300235	0.04296875
0.05936977068022936	6.950570165324284	4.6805737017684906e-12	nonce	Turkish	0.4394506014414096	0.04296875
0.04805246053104567	5.5950478987924495	2.4548637590869866e-8	nonce	Turkish	-1.4656503745422078	0.04296875
0.05345484078010002	6.185668809062487	7.272945362923452e-10	nonce	Turkish	-0.556239944904877	0.04296875
0.05034619426226623	5.9163805368222615	3.774713593934469e-9	nonce	Turkish	-1.0795343882881747	0.04296875
0.056605757120713945	6.72053350294541	2.2553387844984647e-11	nonce	Turkish	-0.02583000503243383	0.04296875
0.044705196646653914	5.237893257769153	1.7675366246679196e-7	nonce	Turkish	-2.0291125054699717	0.04296875
0.06731364946040223	7.849855090826991	6.262484867009723e-15	nonce	Turkish	1.7766845393391426	0.04296875
0.058221602649622284	6.802380803258714	1.2998346079272635e-11	nonce	Turkish	0.24617357652392027	0.04296875
0.0498216234356472	5.846806978037227	5.705348514279954e-9	nonce	Turkish	-1.167838091252128	0.04296875
0.05468315551813716	6.3440090338875494	2.678855930865382e-10	nonce	Turkish	-0.3494714128594419	0.04296875
0.04837924972338207	5.55305379936619	3.121819271737152e-8	nonce	Turkish	-1.4106402704579015	0.04296875
0.06133008230568416	6.968910609798989	4.130056533120675e-12	nonce	Turkish	0.7694399312076652	0.04296875
0.05917238638636891	7.036536052672181	2.5808164714395205e-12	nonce	Turkish	0.4062238889169228	0.04296875
0.053681722049860624	6.460902272362329	1.2533480678668833e-10	nonce	Turkish	-0.5180478548449876	0.04296875
0.06021687856939661	7.026721324318887	2.7531814235685145e-12	nonce	Turkish	0.582048625631137	0.04296875
0.05814505930516258	6.750933395342426	1.8369263047067383e-11	nonce	Turkish	0.23328864200211194	0.04296875
0.055820858607642215	6.681531532611418	2.9317128924897815e-11	nonce	Turkish	-0.15795600525598508	0.04296875
0.06111668490890314	7.284435353983307	4.36145770472379e-13	nonce	Turkish	0.7335176507787585	0.04296875
0.06684199040791265	7.7254447304902305	1.636120834926738e-14	nonce	Turkish	1.6972877472229329	0.04296875
0.04478526502777375	5.310374294172973	1.1936800896903938e-7	nonce	Turkish	-2.015634183412337	0.04296875
0.046322755955734825	5.502773691860788	4.1369307214650265e-8	nonce	Turkish	-1.7568204344902163	0.04296875
0.06659370009494817	7.956234556015497	2.7138711860117944e-15	nonce	Turkish	1.6554917629015136	0.04296875
0.04969185494479374	5.756749592439079	9.679630928206168e-9	nonce	Turkish	-1.1896826881853215	0.04296875
0.05575334691934416	6.499624597042531	9.793323038102958e-11	nonce	Turkish	-0.16932059468328875	0.04296875
0.05709160594182376	6.747294196450167	1.8842606105101583e-11	nonce	Turkish	0.0559554237554803	0.04296875
0.053944884396356675	6.4227429246891905	1.6108625938386035e-10	nonce	Turkish	-0.4737483846932459	0.04296875
0.06973655070071891	8.15033099511932	5.790589225479433e-16	nonce	Turkish	2.184543956178766	0.04296875
0.054829663503078746	6.438780749377574	1.4521618152817434e-10	nonce	Turkish	-0.3248089708637406	0.04296875
0.05307293550620612	6.330357348327572	2.915855179785408e-10	nonce	Turkish	-0.6205280222340155	0.04296875
0.050727817994497354	6.016787712219672	2.0561377493145973e-9	nonce	Turkish	-1.015293704313948	0.04296875
0.05085656866868733	6.01781661123805	2.0409764220920484e-9	nonce	Turkish	-0.9936204416901815	0.04296875
0.06324723189248714	7.425773492894096	1.559168166787552e-13	nonce	Turkish	1.092163573202083	0.04296875
0.05888065485228714	7.056938718796508	2.21522040114372e-12	nonce	Turkish	0.35711522060456213	0.04296875
0.0513941302116177	6.080795595013529	1.3905709006945924e-9	nonce	Turkish	-0.9031299446914959	0.04296875
0.06596966756218717	7.607839052913083	3.996708404077993e-14	nonce	Turkish	1.5504451598185136	0.04296875
0.0530213275076002	6.362970577597574	2.3665608655740327e-10	nonce	Turkish	-0.629215461847906	0.04296875
0.05887046389751067	6.782192851616352	1.4941765780649215e-11	nonce	Turkish	0.35539972481669907	0.04296875
0.05330160079973147	6.178386811541219	7.602527805832831e-10	nonce	Turkish	-0.5820356182858784	0.04296875
0.05987194873823652	7.237591788381525	6.129777422631802e-13	nonce	Turkish	0.5239848145906362	0.04296875
0.05283464392767143	6.3258910653296345	2.99783836822728e-10	nonce	Turkish	-0.6606408682063293	0.04296875
0.05188707357052242	5.888699046289518	4.4522731429544694e-9	nonce	Turkish	-0.8201502558984161	0.04296875
0.06513937191484252	7.549852963701945	6.187133900362036e-14	nonce	Turkish	1.410677226691283	0.04296875
0.05973032220942152	7.031430052370432	2.6546982180462296e-12	nonce	Turkish	0.5001440931900568	0.04296875
0.061113672842188514	7.3303687660603165	3.1329902476461883e-13	nonce	Turkish	0.7330106141099639	0.04296875
0.06017859756000907	7.294564374325094	4.058782511740547e-13	nonce	Turkish	0.5756045865984962	0.04296875
0.05623792858660531	6.451556003825915	1.3401830983809435e-10	nonce	Turkish	-0.08774847241450204	0.04296875
0.06090159626755088	7.259886590679006	5.204103620284481e-13	nonce	Turkish	0.697310674460032	0.04296875
0.05514009041034417	6.446339261715042	1.383965508229757e-10	nonce	Turkish	-0.27255321430964513	0.04296875
0.059283698164115335	6.863382882010971	8.547822821958221e-12	nonce	Turkish	0.4249615724855296	0.04296875
0.04635837710113613	5.3021266261076185	1.250936242495458e-7	nonce	Turkish	-1.750824144031164	0.04296875
0.0617103768210477	7.175518060266236	9.597104396439538e-13	nonce	Turkish	0.833456861275854	0.04296875
0.059898977121143095	7.0203978020063635	2.8837746365693445e-12	nonce	Turkish	0.5285346411815673	0.04296875
0.05588383286345218	6.517495081299413	8.714118683648331e-11	nonce	Turkish	-0.14735522515683247	0.04296875
0.06563068764954962	7.805722345246251	8.768995022528225e-15	nonce	Turkish	1.4933829291389715	0.04296875
0.05892772473747216	6.557474223316416	6.717534689609534e-11	nonce	Turkish	0.36503873626538236	0.04296875
0.05784010720966779	6.754682124938279	1.7945986990810007e-11	nonce	Turkish	0.18195448864790012	0.04296875
0.060831755316140455	7.1146079487936875	1.482340725377572e-12	nonce	Turkish	0.6855539882031637	0.04296875
0.06424221619430236	7.714111504644765	1.7756665402159913e-14	nonce	Turkish	1.2596543938555462	0.04296875
0.06231836788785062	7.313228613392421	3.5503496259932427e-13	nonce	Turkish	0.9358031219585754	0.04296875
0.05704326144072567	6.736962162572763	2.0175228763295315e-11	nonce	Turkish	0.047817345447883505	0.04296875
0.05656356400705257	6.555666502591441	6.785662605796792e-11	nonce	Turkish	-0.032932588681417845	0.04296875
0.06625491384443687	7.679455140160288	2.3219632709626654e-14	nonce	Turkish	1.5984621323628947	0.04296875
0.059990352919872876	6.8240759097279655	1.120841272889144e-11	nonce	Turkish	0.5439163989532182	0.04296875
0.05799345227570569	6.701558452497245	2.5698812730405462e-11	nonce	Turkish	0.2077678516396478	0.04296875
0.05308322811532248	6.219553448818062	5.872745984329826e-10	nonce	Turkish	-0.618795414448728	0.04296875
0.05655340939131767	6.6267996931028215	4.2355533811705585e-11	nonce	Turkish	-0.03464196733166981	0.04296875
0.05395143960562409	6.293705812016242	3.67249941610691e-10	nonce	Turkish	-0.4726449126306703	0.04296875
0.05072469879560289	5.97216401009446	2.688923660578058e-9	nonce	Turkish	-1.0158187750931176	0.04296875
0.05547708981667855	6.608149690408699	4.7810635571466844e-11	nonce	Turkish	-0.21582437243374794	0.04296875
0.05506994971576978	6.2456958929158315	4.981135495911139e-10	nonce	Turkish	-0.2843603578736558	0.04296875
0.07285833347767585	8.610899882263412	1.2944751414138988e-17	nonce	Turkish	2.710049693566241	0.04296875
0.055608203409700505	6.684519290596086	2.881112765497822e-11	nonce	Turkish	-0.19375334754018184	0.04296875
0.05210928774715848	6.079887713707866	1.3961621299634298e-9	nonce	Turkish	-0.782743801607925	0.04296875
0.06865825649508217	8.315713839337702	1.50920338005062e-16	nonce	Turkish	2.0030291512934197	0.04296875
0.05566307192704302	6.407547293112634	1.7814921154802615e-10	nonce	Turkish	-0.18451704805186744	0.04296875
0.05092890131390246	5.985737585516861	2.483409972215354e-9	nonce	Turkish	-0.9814443158105923	0.04296875
0.055646515452605474	6.3910159008204825	1.972792136436117e-10	nonce	Turkish	-0.18730408447607388	0.04296875
0.04802205826603889	5.541624659005545	3.338285140984894e-8	nonce	Turkish	-1.4707681440451232	0.04296875
0.07096769988664645	8.426691995689728	6.115241409511467e-17	nonce	Turkish	2.3917896254035482	0.04296875
0.05846571993426095	6.679971285452326	2.974048957844818e-11	nonce	Turkish	0.2872670935424623	0.04296875
0.059759652321540874	6.755698350472134	1.7794688541700514e-11	nonce	Turkish	0.5050813816877415	0.04296875
0.057488627043955146	6.826973125579137	1.0974701949105695e-11	nonce	Turkish	0.12278802613062571	0.04296875
0.058497820045708554	6.864002267549031	8.534711595188056e-12	nonce	Turkish	0.29267067026183136	0.04296875
0.046354840113272594	5.415629758900097	6.729133111564565e-8	nonce	Turkish	-1.751419543374475	0.04296875
0.06215698615606955	7.333257014918899	3.0652657588532135e-13	nonce	Turkish	0.9086369057226251	0.04296875
0.05135834485953795	6.073292275067517	1.4547438604022037e-9	nonce	Turkish	-0.9091538769045729	0.04296875
0.05281067275819759	6.165419788461507	8.247815347945951e-10	nonce	Turkish	-0.6646760583494022	0.04296875
0.05904804937065812	7.17039115466053	9.9285101852838985e-13	nonce	Turkish	0.38529360010632585	0.04296875
0.04689520024130002	5.635480710204057	1.9516411544425622e-8	nonce	Turkish	-1.660457946164741	0.04296875
0.04954175837072382	5.78175171647023	8.36914170268547e-9	nonce	Turkish	-1.2149492158304107	0.04296875
0.045270241899517075	5.501939393773383	4.153199152470809e-8	nonce	Turkish	-1.933995534342149	0.04296875
0.05803476587235799	6.9914852606938505	3.5129907702330466e-12	nonce	Turkish	0.21472238167074156	0.04296875
0.058851197321373845	6.633361349377683	4.057210088452371e-11	nonce	Turkish	0.3521564830465006	0.04296875
0.06365906235708425	7.079297844223833	1.9047586779194464e-12	nonce	Turkish	1.161489111664978	0.04296875
0.06644071772827125	7.647919610477402	2.954104518833746e-14	nonce	Turkish	1.629739454957076	0.04296875
0.05954189545295714	6.993213170884152	3.483850769517318e-12	nonce	Turkish	0.46842524896737714	0.04296875
0.06155737759927835	7.224743108258575	6.722843683633462e-13	nonce	Turkish	0.8077017160270918	0.04296875
0.052965213162839885	6.102346338352599	1.2173073550312659e-9	nonce	Turkish	-0.6386614778676459	0.04296875
0.05269533199094085	6.274127838028726	4.169142999861336e-10	nonce	Turkish	-0.6840919624268714	0.04296875
0.06520126288493085	7.612139305648276	3.8660944907284575e-14	nonce	Turkish	1.4210956517380107	0.04296875
0.053837434696842726	6.299063867485128	3.5588727681657766e-10	nonce	Turkish	-0.4918359447861304	0.04296875
0.060007913783942005	6.995376765064048	3.444851219438465e-12	nonce	Turkish	0.546872509445571	0.04296875
0.06280519493170196	7.59982661803268	4.228929636760805e-14	nonce	Turkish	1.0177532200075634	0.04296875
0.05621211018283675	6.582867526802502	5.6646305940742164e-11	nonce	Turkish	-0.09209461699916542	0.04296875
0.059278328510967475	6.967358026677358	4.174496373793339e-12	nonce	Turkish	0.42405767117701776	0.04296875
0.04960477266526587	5.932980339133788	3.412204695386581e-9	nonce	Turkish	-1.204341695805731	0.04296875
0.05686566008237103	6.67736440682671	3.03117420494351e-11	nonce	Turkish	0.01792079611969883	0.04296875
0.053793675217784664	6.353285692272524	2.511093519931647e-10	nonce	Turkish	-0.4992022027717402	0.04296875
0.04375824362083005	5.16581989630483	2.595383177262392e-7	nonce	Turkish	-2.1885179746076897	0.04296875
0.05243586978647658	6.170574080519897	7.965315983382129e-10	nonce	Turkish	-0.7277685686557278	0.04296875
0.06035075169875231	7.134914653612202	1.2864842903245203e-12	nonce	Turkish	0.6045841774567552	0.04296875
0.05609337234513495	6.709590636902591	2.4343829843071563e-11	nonce	Turkish	-0.11208236740186998	0.04296875
0.04627707001947522	5.626106056554357	2.0589107470431595e-8	nonce	Turkish	-1.7645109829164414	0.04296875
0.05880187238531359	6.81303329373186	1.2096515637275339e-11	nonce	Turkish	0.34385336308336195	0.04296875
0.06522943322289082	7.8702937639086255	5.310317107659291e-15	nonce	Turkish	1.4258377094914783	0.04296875
0.05096093536886107	5.968930134263819	2.748647708813314e-9	nonce	Turkish	-0.9760518587194724	0.04296875
0.06631698817589758	7.529260877792178	7.268792243296994e-14	nonce	Turkish	1.6089114235717132	0.04296875
0.05196068099446141	6.0573031745359085	1.608191423413836e-9	nonce	Turkish	-0.8077595399652729	0.04296875
0.05340830035380988	6.190387585434132	7.085156971299351e-10	nonce	Turkish	-0.5640743340290837	0.04296875
0.06742592381148076	8.191904769660566	4.143540198412467e-16	nonce	Turkish	1.7955842578233134	0.04296875
0.052198405357113196	6.064048022326425	1.5431431133642804e-9	nonce	Turkish	-0.76774217635739606	0.04296875
0.04808012459540426	5.5483533813212915	3.203385381340598e-8	nonce	Turkish	-1.4609935404257524	0.04296875
0.05929358875384403	6.935514564668032	5.187077312792705e-12	nonce	Turkish	0.42662650628135296	0.04296875
0.06295353634877376	7.271567662494485	4.807021095898709e-13	nonce	Turkish	1.0427242930555765	0.04296875
0.04755224126870669	5.57278992396821	2.790325398757706e-8	nonce	Turkish	-1.5498548535505463	0.04296875
0.055111919772779225	6.292953059822663	3.704585926026768e-10	nonce	Turkish	-0.2772953224971574	0.04296875
0.05428117795965436	6.391735052333208	1.969765936136574e-10	nonce	Turkish	-0.41713836100297497	0.04296875
0.05747178163162828	6.6655692166985725	3.28950448395048e-11	nonce	Turkish	0.11995235130668547	0.04296875
0.052538534886103	6.0315124431331215	1.886188895988641e-9	nonce	Turkish	-0.7104864248495112	0.04296875
0.058336787323598295	6.788785125763489	1.4201084674484618e-11	nonce	Turkish	0.2655632046172956	0.04296875
0.05533718421311791	6.413505462861176	1.714497449881368e-10	nonce	Turkish	-0.23937540164259052	0.04296875
0.05501834187607502	6.64205054856319	3.818025347230178e-11	nonce	Turkish	-0.29304777073721267	0.04296875
0.05507571875131705	6.415628232347471	1.688535280627072e-10	nonce	Turkish	-0.28338922647346243	0.04296875
0.052516712970208976	6.0755188487686995	1.4367146558534856e-9	nonce	Turkish	-0.7141598200926855	0.04296875
0.05438173804425361	6.411471556193401	1.730314407508307e-10	nonce	Turkish	-0.4002105651937532	0.04296875
0.050111703903267545	5.887176523459182	4.481370272188773e-9	nonce	Turkish	-1.1190073554418913	0.04296875
0.0572811618006107	6.925839708797628	5.540631878592023e-12	nonce	Turkish	0.08786433557446553	0.04296875
0.05705221421211057	6.500507021372244	9.721994457648482e-11	nonce	Turkish	0.0493244114625373	0.04296875
0.05556718499572316	6.587130680792119	5.4941814099496153e-11	nonce	Turkish	-0.20065818795468363	0.04296875
0.05549783375815181	6.3739060630847195	2.2060470647740934e-10	nonce	Turkish	-0.2123324381644287	0.04296875
0.053025874774673534	6.256712056976681	4.660950161772534e-10	nonce	Turkish	-0.6284499970134819	0.04296875
0.05618405299342265	6.594908982794531	5.2452385793611314e-11	nonce	Turkish	-0.09681762787644667	0.04296875
0.04638298265110397	5.301110811691222	1.2588291815940526e-7	nonce	Turkish	-1.746682165359516	0.04296875
0.04566462837662665	5.340944518107284	1.0139908516996306e-7	nonce	Turkish	-1.8676064319360097	0.04296875
0.05558804010670048	6.481608234671785	1.1020578124894594e-10	nonce	Turkish	-0.19714753995145642	0.04296875
0.054780098695997856	6.474781831089554	1.1483643011738641e-10	nonce	Turkish	-0.3331524695484572	0.04296875
0.06258301037279071	7.4174243327648055	1.6495220371754796e-13	nonce	Turkish	0.9803517514208918	0.04296875
0.06031700425596941	7.213204457640857	7.315402876129583e-13	nonce	Turkish	0.5989032969882385	0.04296875
0.05604764155491247	6.526316007856072	8.195944155820421e-11	nonce	Turkish	-0.11978046632616517	0.04296875
0.06276036569260292	7.600249800727649	4.231666680302631e-14	nonce	Turkish	1.010206883816861	0.04296875
0.06835247842289356	8.181577443725187	4.492687275911945e-16	nonce	Turkish	1.9515559570377226	0.04296875
0.05023662735777325	6.005938471677569	2.1963912917878358e-9	nonce	Turkish	-1.0979783483752938	0.04296875
0.04414160804012953	5.27464282537333	1.450935051386223e-7	nonce	Turkish	-2.1239842718340216	0.04296875
0.056472100719351194	6.371889094407537	2.2341014432383285e-10	nonce	Turkish	-0.04832907392125473	0.04296875
0.06597652250979998	7.5541747724476815	5.973308524974837e-14	nonce	Turkish	1.5515990883770958	0.04296875
0.052353914261675336	6.175316229476185	7.762503441860237e-10	nonce	Turkish	-0.741564563307104	0.04296875
0.051987757103575144	6.04484624047028	1.730196038623706e-9	nonce	Turkish	-0.8032016793766302	0.04296875
0.059183475470784716	6.805245329740054	1.2748441721535705e-11	nonce	Turkish	0.4080905714823769	0.04296875
0.06347971017477227	7.418320797834956	1.647091499246534e-13	nonce	Turkish	1.1312978371427376	0.04296875
0.05906725991322484	6.873820499694793	7.974684456428758e-12	nonce	Turkish	0.3885274094577177	0.04296875
0.06519627777519417	7.811405709862843	8.363551843054994e-15	nonce	Turkish	1.4202564825980348	0.04296875
0.049001473714648136	5.73736411550231	1.085107154220913e-8	nonce	Turkish	-1.3058981084586647	0.04296875
0.05914494805755562	6.9053953517127695	6.389308759158906e-12	nonce	Turkish	0.40160505402484176	0.04296875
0.06061652671031598	6.947564196930922	4.795534244767863e-12	nonce	Turkish	0.6493234509455643	0.04296875
0.057039134773534145	6.776897777211163	1.539275701938339e-11	nonce	Turkish	0.04712268235298726	0.04296875
0.05578395448295838	6.45928205961409	1.276213477932279e-10	nonce	Turkish	-0.164168266210773	0.04296875
0.04858047761808003	5.6658189816800215	1.6406995901423657e-8	nonce	Turkish	-1.3767665448525408	0.04296875
0.06548160796479897	7.702889387531507	1.9410430176883284e-14	nonce	Turkish	1.4682875796986927	0.04296875
0.0661575298971798	7.733527361287347	1.5344506938453454e-14	nonce	Turkish	1.582068992074346	0.04296875
0.061204374838155565	7.3158576208342225	3.4929768581563355e-13	nonce	Turkish	0.7482789471999565	0.04296875
0.0585254429069784	6.93900804833696	5.0921479283726014e-12	nonce	Turkish	0.29732056845061944	0.04296875
0.061862551784222834	7.424828939463087	1.5595032662244608e-13	nonce	Turkish	0.8590732548396667	0.04296875
0.05046015930736284	6.044733443789002	1.732861260440737e-9	nonce	Turkish	-1.0603500665916252	0.04296875
0.05454941615122388	6.321309441357843	3.094290860331685e-10	nonce	Turkish	-0.3719844477657362	0.04296875
0.05660018790792342	6.535263842549621	7.751547310367066e-11	nonce	Turkish	-0.02676749924111338	0.04296875
0.05800900862376081	6.521693379154637	8.493494755549159e-11	nonce	Turkish	0.21038653165034685	0.04296875
0.06056283637137871	7.060012740169598	2.1794565744656003e-12	nonce	Turkish	0.6402854802827509	0.04296875
0.06800519081986033	8.121708448907105	7.294351309313323e-16	nonce	Turkish	1.8930952501414506	0.04296875
0.05436024025914126	6.264591363547325	4.437224997589773e-10	nonce	Turkish	-0.40382939783677035	0.04296875
0.058965563745610454	6.9688385938036275	4.115957004239199e-12	nonce	Turkish	0.3714083709563354	0.04296875
0.06316081979800305	7.339659007435316	2.943849861938868e-13	nonce	Turkish	1.0776173812741086	0.04296875
0.04681638882787437	5.406935163764998	7.068771732794487e-8	nonce	Turkish	-1.6737246763909768	0.04296875
0.051112183940190584	6.084119624246202	1.3616921885348302e-9	nonce	Turkish	-0.9505914094556724	0.04296875
0.06325860780520916	7.282177743293899	4.4574813251504247e-13	nonce	Turkish	1.0940785390503045	0.04296875
