b	t	p	lex.type	language	b.z	b.less
0.08923401242163856	10.693266654128296	3.319110698567319e-26	og	Vietnamese	2.5257121599355097	0
0.07204566131463222	7.840261564267393	6.385509970416824e-15	nonce	Vietnamese	0.16073456292147914	0
0.07904486087571098	8.69547584198046	5.8028435571459884e-18	nonce	Vietnamese	1.123767611055711	0
0.056610260312941633	6.176740672916762	7.53144592438539e-10	nonce	Vietnamese	-1.9630513280384863	0
0.06236920628568963	6.762136074499557	1.6579600260159206e-11	nonce	Vietnamese	-1.1706671067031733	0
0.062474126350047864	6.8945992338857245	6.667877223102932e-12	nonce	Vietnamese	-1.156230957468163	0
0.07137947763300233	7.756542730477285	1.224468339301038e-14	nonce	Vietnamese	0.06907309564386395	0
0.0709633415151324	7.785543973306263	9.776311231324242e-15	nonce	Vietnamese	0.01181614354043495	0
0.07359566305576078	7.883403964365236	4.580033913467976e-15	nonce	Vietnamese	0.37400222136531625	0
0.07102059223545004	7.667045061588842	2.4350968029110537e-14	nonce	Vietnamese	0.019693377960492954	0
0.080917854136617	8.679309626071802	6.752548636601105e-18	nonce	Vietnamese	1.381476280946414	0
0.0666597386852596	7.277033397687294	4.4291489698317803e-13	nonce	Vietnamese	-0.5803246741408268	0
0.06426173533785261	6.9790003812902714	3.7288728111566745e-12	nonce	Vietnamese	-0.9102704705046483	0
0.07235363787767263	7.904497149181216	3.8563686851294e-15	nonce	Vietnamese	0.2031096381955145	0
0.06422534473283394	6.954509975651601	4.391725646454172e-12	nonce	Vietnamese	-0.9152775223780455	0
0.059055866822713424	6.475828324804654	1.111617180725468e-10	nonce	Vietnamese	-1.6265557229211136	0
0.06536812005751907	6.899909995004652	6.4587533821744715e-12	nonce	Vietnamese	-0.7580409134400808	0
0.07339084984980096	7.941541194752553	2.901650469518624e-15	nonce	Vietnamese	0.345821586663821	0
0.05928734408990829	6.41975192810297	1.6076852893459126e-10	nonce	Vietnamese	-1.594706329821927	0
0.05885622251376807	6.172890839637698	7.723003193361431e-10	nonce	Vietnamese	-1.6540251593485933	0
0.06285601250174144	6.631671030558098	3.989133694489401e-11	nonce	Vietnamese	-1.103686522708678	0
0.05772782562567706	6.274954501233993	4.0514732226631166e-10	nonce	Vietnamese	-1.809283412118854	0
0.05719692794997371	6.169215157321379	7.880688054477071e-10	nonce	Vietnamese	-1.8823306230775276	0
0.06770632949266825	7.218678610259927	6.819403526927417e-13	nonce	Vietnamese	-0.43632227406457036	0
0.06538066053469557	7.012423138962313	2.950428104955096e-12	nonce	Vietnamese	-0.7563154455697978	0
0.07509757424557063	8.187995761611324	3.9980355995844193e-16	nonce	Vietnamese	0.5806530102916102	0
0.060159314153375186	6.667291875553531	3.1347796443419e-11	nonce	Vietnamese	-1.4747303267412404	0
0.07773138147646866	8.46219682481787	4.2311882988483045e-17	nonce	Vietnamese	0.9430435070384656	0
0.06821278763510197	7.50643888022386	8.177227294339691e-14	nonce	Vietnamese	-0.36663774451171216	0
0.052022424908754764	5.582384336021188	2.6024859384131243e-8	nonce	Vietnamese	-2.5943002408714926	0
0.07939470897465023	8.671607762974153	7.152784336989311e-18	nonce	Vietnamese	1.1719038698043471	0
0.08125259279930384	8.66841413658512	7.485508039382357e-18	nonce	Vietnamese	1.4275336039077837	0
0.07992070724502084	8.6636729755913109	7.690359109161314e-18	nonce	Vietnamese	1.2442769623569867	0
0.06682772036650196	7.39420032845131	1.875875696136996e-13	nonce	Vietnamese	-0.5572117582844006	0
0.06694054875403353	7.353857256111394	2.5178906550797686e-13	nonce	Vietnamese	-0.5416874879714317	0
0.07449855654999646	7.818660310703004	7.593304857462426e-15	nonce	Vietnamese	0.49823303751886233	0
0.05873744103853521	6.4581004624591225	1.2499508069693137e-10	nonce	Vietnamese	-1.6703685262089247	0
0.0708388628082492	7.532191215166039	6.778228015418247e-14	nonce	Vietnamese	-0.005311116151393016	0
0.07744014899771359	8.352443138536096	1.0532525915238131e-16	nonce	Vietnamese	0.9029722818528315	0
0.07127802842269229	7.603481174301781	3.938619372202842e-14	nonce	Vietnamese	0.055114507753475615	0
0.07824369222434371	8.283050557870656	1.8514988391796713e-16	nonce	Vietnamese	1.0135333075953168	0
0.062472992916076574	6.542822834866514	7.195907825224345e-11	nonce	Vietnamese	-1.1563869087826961	0
0.06705512158502314	7.308830371130434	3.5038107463328013e-13	nonce	Vietnamese	-0.5259231963980279	0
0.072247100177191	8.001033024621934	1.7998775338080012e-15	nonce	Vietnamese	0.1884509153600402	0
0.08033819524255266	8.741067700415229	3.965318499793742e-18	nonce	Vietnamese	1.3017199221288827	0
0.0646345609487342	6.823017253332469	1.0945409121141505e-11	nonce	Vietnamese	-0.8589726926178202	0
0.07854252382679835	8.365377996060321	9.406283171983226e-17	nonce	Vietnamese	1.0546501105210466	0
0.06865216571568054	7.437778817115799	1.3644323564938023e-13	nonce	Vietnamese	-0.30618288699115626	0
0.0702833031066808	7.916928718976272	3.4921910704746744e-15	nonce	Vietnamese	-0.08175162169107367	0
0.07954917404921344	8.51039477473956	2.812088165303108e-17	nonce	Vietnamese	1.1931570102940237	0
0.0663190742296864	7.085877492480914	1.7506030791478564e-12	nonce	Vietnamese	-0.6271973381045727	0
0.05724668857000127	6.298053658927276	3.4999353602870355e-10	nonce	Vietnamese	-1.8754839656613467	0
0.0763230140107458	8.107810207678353	7.772209238716142e-16	nonce	Vietnamese	0.7492635752659355	0
0.07379826620363852	8.072568651910075	1.0186834413581873e-15	nonce	Vietnamese	0.40187877001343414	0
0.061715555354088875	6.866518059643072	8.10118947561491e-12	nonce	Vietnamese	-1.260604169303262	0
0.075570027557624	8.428525939305649	5.562838627019057e-17	nonce	Vietnamese	0.6456587511963233	0
0.06562894087195054	7.038591209716182	2.449419743787883e-12	nonce	Vietnamese	-0.7221540864183821	0
0.08218579812386899	9.25458454485314	4.2191548124696366e-20	nonce	Vietnamese	1.5559350818780093	0
0.07440052091942949	8.175537235532962	4.4318165040587577e-16	nonce	Vietnamese	0.4847441304935968	0
0.07638851964048111	8.429499424452695	5.546617951153613e-17	nonce	Vietnamese	0.7582766182179824	0
0.07624552436987542	8.241224514803205	2.6250659146220247e-16	nonce	Vietnamese	0.738601629654153	0
0.060788284702656174	6.509868790812212	8.93578611927103e-11	nonce	Vietnamese	-1.3881890844213294	0
0.0835011312476956	8.976010764584878	5.087603981620486e-19	nonce	Vietnamese	1.7369142433516442	0
0.0718625117089894	7.8930027896043224	4.225098364073258e-15	nonce	Vietnamese	0.13553466378335488	0
0.07025144806127472	7.428118470063172	1.4726748066162762e-13	nonce	Vietnamese	-0.08613461737624632	0
0.06801442109069342	7.368982330593728	2.266226414810711e-13	nonce	Vietnamese	-0.393931370910354	0
0.07470304800808608	7.989701122395579	1.9761177621078563e-15	nonce	Vietnamese	0.5263694023249988	0
0.07102104313528598	7.831229843902985	6.832725150531544e-15	nonce	Vietnamese	0.01975541811803098	0
0.07238682688029277	7.821309233988703	7.402832558730873e-15	nonce	Vietnamese	0.2076761755658085	0
0.07050166054989844	7.431612507151226	1.4309448766210606e-13	nonce	Vietnamese	-0.051707409879476744	0
0.07911648217249742	8.894075395017445	1.043814930629847e-18	nonce	Vietnamese	1.1336221201540253	0
0.08373585189287552	8.897245401431329	1.0150411715827483e-18	nonce	Vietnamese	1.7692098989355536	0
0.062013074778592796	6.789502165927753	1.375033339494519e-11	nonce	Vietnamese	-1.2196679114127964	0
0.07618628809647131	8.351851422761548	1.0522249718850557e-16	nonce	Vietnamese	0.7304511992458393	0
0.07588804739877604	8.34071143149425	1.1461266551624671e-16	nonce	Vietnamese	0.6894157000187126	0
0.06061153777059934	6.6130125453795845	4.4901145426710577e-11	nonce	Vietnamese	-1.4125080276435784	0
0.061334212210538676	6.61885394274384	4.348219708127851e-11	nonce	Vietnamese	-1.3130738905497348	0
0.06809772775033522	7.469686214706786	1.0741288115496185e-13	nonce	Vietnamese	-0.3824690507315073	0
0.06638590506511968	7.413793135585269	1.6308413925823635e-13	nonce	Vietnamese	-0.6180019576049843	0
0.07650562516493677	8.358929510141946	9.95851022303578e-17	nonce	Vietnamese	0.7743893878548153	0
0.0564806163751089	6.178037878168814	7.458875876941372e-10	nonce	Vietnamese	-1.9808892815835542	0
0.06732891517239595	7.327672211506715	3.067965481609962e-13	nonce	Vietnamese	-0.4882514211176834	0
0.06883947100434405	7.429789440327719	1.443243137787742e-13	nonce	Vietnamese	-0.2804111996004514	0
0.07289979928836075	7.970356302563255	2.2852055810999343e-15	nonce	Vietnamese	0.2782570151946083	0
0.06890278088903992	7.256079303538486	5.19785969832678e-13	nonce	Vietnamese	-0.27170027334329333	0
0.06869277569134993	7.593885047341528	4.238075288000502e-14	nonce	Vietnamese	-0.30059528396422935	0
0.06821868401373468	7.37415463666207	2.1775033392405747e-13	nonce	Vietnamese	-0.3658264506718862	0
0.05399731186245782	5.715880449389576	1.2085228868367813e-8	nonce	Vietnamese	-2.3225718259079895	0
0.06529260538110478	7.137686332323061	1.2059200452090535e-12	nonce	Vietnamese	-0.7684311199732009	0
0.06910776230231176	7.404919538992749	1.7417337448040724e-13	nonce	Vietnamese	-0.2434964946809776	0
0.07329889124577421	7.822987925857061	7.31330762962081e-15	nonce	Vietnamese	0.33316882916416213	0
0.07794032955719818	8.29002662014435	1.7546081256375724e-16	nonce	Vietnamese	0.9717930669461037	0
0.06510470108262781	7.040400997578354	2.4073758959913517e-12	nonce	Vietnamese	-0.7942852262521636	0
0.07656734731708194	7.963874224033354	2.4107466519491067e-15	nonce	Vietnamese	0.7828818550003882	0
0.07057228864134334	7.575859574114642	4.8332962862356e-14	nonce	Vietnamese	-0.041989557774457086	0
0.08178545648682276	8.779718298523182	2.8263546275568837e-18	nonce	Vietnamese	1.5008513221344508	0
0.07053337890951215	7.855808474740455	5.641630973518702e-15	nonce	Vietnamese	-0.047343221049875116	0
0.07045264455070988	7.598572245199631	4.087238529178233e-14	nonce	Vietnamese	-0.058451613512189436	0
0.06588059072639212	6.972474175982809	3.89452752913526e-12	nonce	Vietnamese	-0.6875291090519619	0
0.07656422601045208	8.163932832803924	4.888148750630904e-16	nonce	Vietnamese	0.7824523885433055	0
0.08382331785769957	9.407405704049204	1.0344221752626867e-20	nonce	Vietnamese	1.7812445057470105	0
0.0720080520280569	7.982209617411573	2.08988127502253e-15	nonce	Vietnamese	0.15555983035774457	0
0.050068387503149	5.322504591094289	1.1075179344275228e-7	nonce	Vietnamese	-2.8631599272495145	0
0.0746522749011836	8.07121286589383	1.0318316025254338e-15	nonce	Vietnamese	0.519383434933036	0
0.054575489576946926	6.05919180094806	1.5552664606791925e-9	nonce	Vietnamese	-2.243019265377495	0
0.06778924123921594	7.43441578346854	1.3945835510872512e-13	nonce	Vietnamese	-0.4249142907220225	0
0.0693138356777992	7.600936245051316	3.990925153369229e-14	nonce	Vietnamese	-0.21514247088109237	0
0.08676758363488798	9.441456858866404	7.648927504433011e-21	nonce	Vietnamese	2.1863515785172067	0
0.0685115741022162	7.386001221741016	1.9981581115773818e-13	nonce	Vietnamese	-0.32552715184246583	0
0.0708455037781655	7.728776071692905	1.5108440937327183e-14	nonce	Vietnamese	-0.004397372594684767	0
0.08835573062022764	9.535851268342228	3.1593190896975912e-21	nonce	Vietnamese	2.4048677129451717	0
0.06995838406500217	7.601745141965557	4.0076075309946717e-14	nonce	Vietnamese	-0.12645784450612838	0
0.061759098443585264	6.7030717349377635	2.46549608407053e-11	nonce	Vietnamese	-1.2546129936213921	0
0.07237661598298709	7.877869206405415	4.7764427087451545e-15	nonce	Vietnamese	0.20627123897689326	0
0.06751299979866808	7.387573281725038	1.9650469887071306e-13	nonce	Vietnamese	-0.4629228707303904	0
0.07614118692010474	8.428244589812453	5.579585488251638e-17	nonce	Vietnamese	0.7242456434573944	0
0.06849058525604428	7.4580966343988955	1.1712525589246556e-13	nonce	Vietnamese	-0.3284150467123548	0
0.06741740401773014	7.471902335843846	1.0596666066630781e-13	nonce	Vietnamese	-0.4760760742506013	0
0.06855582752982596	7.331110099946177	3.0033444315468213e-13	nonce	Vietnamese	-0.31943823940190563	0
0.07749624135263708	8.20217599753553	3.6001704820248105e-16	nonce	Vietnamese	0.910690134596934	0
0.06854462490098646	7.387094826688313	1.9863299089979735e-13	nonce	Vietnamese	-0.3209796302001348	0
0.07564874802265391	8.361924156701729	9.680368632210902e-17	nonce	Vietnamese	0.656490048222038	0
0.06482993096560974	7.175924068533102	9.164771865657857e-13	nonce	Vietnamese	-0.8320913640853485	0
0.08007504941016988	8.742238517661907	3.915631125768882e-18	nonce	Vietnamese	1.2655131915089104	0
0.06932752441326205	7.547325776555403	5.99756786612525e-14	nonce	Vietnamese	-0.21325901199084968	0
0.05456012921568485	5.889061843380224	4.366712993833408e-9	nonce	Vietnamese	-2.2451327264093703	0
0.07131713988970872	7.630673128127239	3.212508285822798e-14	nonce	Vietnamese	0.06049592815292947	0
0.07202972486294969	8.021577912294557	1.5241946753554437e-15	nonce	Vietnamese	0.15854183652378975	0
0.07664685353297289	8.506741401597413	2.905292357589677e-17	nonce	Vietnamese	0.7938212649667586	0
0.06490916263594489	7.093011336932941	1.6653496287436e-12	nonce	Vietnamese	-0.8211897293590108	0
0.06832909133875519	7.340329158869664	2.787762334933292e-13	nonce	Vietnamese	-0.3506352989090331	0
0.07802492612903253	8.36237507789639	9.624227056744956e-17	nonce	Vietnamese	0.9834328685726177	0
0.07904167898459667	8.610813432999244	1.2054490898051331e-17	nonce	Vietnamese	1.1233298086653225	0
0.07534744044133236	8.22640957200244	2.96091967900524e-16	nonce	Vietnamese	0.6150325707013772	0
0.0736445904480151	8.098941299196213	8.264793668993183e-16	nonce	Vietnamese	0.3807342334030858	0
0.07354222064142504	7.9027804580039165	3.921900386979622e-15	nonce	Vietnamese	0.36664897893691184	0
0.08207616686376186	9.1080787285861	1.5707523087850882e-19	nonce	Vietnamese	1.540850710348032	0
0.07720230387067041	8.444800905767973	4.8330867205392665e-17	nonce	Vietnamese	0.8702467229254952	0
0.07481079767403025	8.239481924533091	2.6401902738482416e-16	nonce	Vietnamese	0.5411948817707745	0
0.07432799115658774	8.077676478309353	9.82903474427457e-16	nonce	Vietnamese	0.4747646238399563	0
0.06966570305892784	7.466663330209126	1.0966505905975592e-13	nonce	Vietnamese	-0.16672837529341	0
0.07541354057136243	8.384641056108602	8.01306248803872e-17	nonce	Vietnamese	0.6241274120685114	0
0.06960946704589249	7.415644723531682	1.6073368561892578e-13	nonce	Vietnamese	-0.1744659942276534	0
0.0747791670271839	8.06498088846036	1.0815249244948764e-15	nonce	Vietnamese	0.5368427615060112	0
0.07146653135440968	7.652324765737432	2.715985911037722e-14	nonce	Vietnamese	0.08105098110730274	0
0.06430995036209698	6.958914091925258	4.279035129380667e-12	nonce	Vietnamese	-0.9036364745228608	0
0.08392295476068376	9.082502614813622	1.9713720583891006e-19	nonce	Vietnamese	1.7949537348595932	0
0.07025347415532802	7.688008572510127	2.0721125660921814e-14	nonce	Vietnamese	-0.08585584328001751	0
0.06633786332046318	7.2492123162502535	5.404263553167565e-13	nonce	Vietnamese	-0.6246121117219655	0
0.06750821884151283	7.32871706333984	3.0548536629248436e-13	nonce	Vietnamese	-0.46358069162862947	0
0.06693866400528488	7.217258060926426	6.862655157852266e-13	nonce	Vietnamese	-0.5419468141010191	0
0.07135894289161396	7.969877924157703	2.306917289759493e-15	nonce	Vietnamese	0.06624768190629049	0
0.07240086500769577	7.64155554495324	2.959948471525848e-14	nonce	Vietnamese	0.20960770795105213	0
0.07654629221834638	8.297459179988557	1.6438314475942168e-16	nonce	Vietnamese	0.7799848443155061	0
0.06886166859664622	7.5214598603477185	7.330563421440421e-14	nonce	Vietnamese	-0.277356991074255	0
0.0668475232054957	7.394664198669462	1.8696504669888255e-13	nonce	Vietnamese	-0.5544870483755852	0
0.05854213233500633	6.39671779268985	1.86153707486081e-10	nonce	Vietnamese	-1.6972414185225668	0
0.07157834993767802	7.805563952111076	8.349964809546334e-15	nonce	Vietnamese	0.09643631055008262	0
0.0709801309423515	7.641416183960149	2.944079104441795e-14	nonce	Vietnamese	0.014126232448480852	0
0.0655786505551717	7.254033250377272	5.242241131854263e-13	nonce	Vietnamese	-0.7290736258080679	0
0.06624161336177728	7.405949068123279	1.7149253319496795e-13	nonce	Vietnamese	-0.63785532479043106	0
0.08266782148032763	8.910294491471143	9.074423400595336e-19	nonce	Vietnamese	1.6222575832142492	0
0.08389848237689215	9.08942041075196	1.853322277342743e-19	nonce	Vietnamese	1.7915865334885968	0
0.07620143212043558	8.222170862548595	3.052603367943681e-16	nonce	Vietnamese	0.7325348940215146	0
0.07000844699359231	7.522752339194853	7.191022731770321e-14	nonce	Vietnamese	-0.11956959188553058	0
0.0704487125969698	7.526977455103203	6.989433255598423e-14	nonce	Vietnamese	-0.0589926184317349	0
0.07105475111009833	7.7130734538575565	1.7147075871832075e-14	nonce	Vietnamese	0.024393361849551886	0
0.07020998269200929	7.569072662219918	5.114638862977949e-14	nonce	Vietnamese	-0.09183991561888454	0
0.071558895061403	7.695138228036054	1.9651515087700698e-14	nonce	Vietnamese	0.09375947748700127	0
0.08072097458883926	8.73016551980924	4.341916340297772e-18	nonce	Vietnamese	1.3543872532144383	0
0.06878375478358488	7.452517562394779	1.2235299511445074e-13	nonce	Vietnamese	-0.2880772993365697	0
0.07280356646896431	7.710572873183094	1.746210912819879e-14	nonce	Vietnamese	0.26501616035325526	0
0.07531683432690704	8.376639382557732	8.523985172189251e-17	nonce	Vietnamese	0.6108214177817686	0
0.06997621642741671	7.617314647592609	3.5479046813598553e-14	nonce	Vietnamese	-0.12400425618054274	0
0.06871982723469998	7.599591265261237	4.054479610298937e-14	nonce	Vietnamese	-0.29687321117264936	0
0.06724061140753275	7.222199650085466	6.619199530872794e-13	nonce	Vietnamese	-0.5004013024142281	0
0.06817813941894826	7.5031778329884355	8.348133306020746e-14	nonce	Vietnamese	-0.3714050578200032	0
0.08424105088468697	8.865576093625899	1.3466816306320727e-18	nonce	Vietnamese	1.8387211795831275	0
0.07929731464793727	8.286917312833927	1.8144286882449884e-16	nonce	Vietnamese	1.1585032009840244	0
0.0643475787237166	6.821058991023695	1.1104759307684616e-11	nonce	Vietnamese	-0.8984591173878607	0
0.07036166348705324	7.686735621762219	2.087718464902483e-14	nonce	Vietnamese	-0.07096986939147226	0
0.05451922374284263	6.0296227433225384	1.8675910901770024e-9	nonce	Vietnamese	-2.2507609874487713	0
0.06634430396360767	7.406569173831775	1.7176466976768606e-13	nonce	Vietnamese	-0.6237259315030335	0
0.08570631295374569	9.600230399083543	1.7267670743439474e-21	nonce	Vietnamese	2.04032934696957	0
0.0810258206594661	8.945601160831416	6.633003544496907e-19	nonce	Vietnamese	1.396331598142113	0
0.06141993573368585	6.501921945451697	9.396286712853199e-11	nonce	Vietnamese	-1.3012790295698737	0
0.07288822345951187	8.06906233438851	1.0494396780145688e-15	nonce	Vietnamese	0.2766642751042976	0
0.05584969843875212	5.926710441780949	3.4839174775980177e-9	nonce	Vietnamese	-2.06769846855844	0
0.0685813296389408	7.404758054163903	1.7418476721272668e-13	nonce	Vietnamese	-0.31592935618456103	0
0.06461379249558365	6.940438794908566	4.880361793423149e-12	nonce	Vietnamese	-0.8618302631968656	0
0.07452369535135592	7.844895550504803	6.216111236196955e-15	nonce	Vietnamese	0.501691932537982	0
0.07997435355554196	8.561931085951706	1.8221982776634418e-17	nonce	Vietnamese	1.2516582592455041	0
0.0733812928964973	8.053269343667802	1.1921252082623725e-15	nonce	Vietnamese	0.34450662746161653	0
0.07690282751364037	8.334069918543246	1.214825916095205e-16	nonce	Vietnamese	0.8290412070035686	0
0.06347348079840273	7.001035819631856	3.175484667418807e-12	nonce	Vietnamese	-1.01872789698715	0
0.06979355689969018	7.5163626938274755	7.579594141999107e-14	nonce	Vietnamese	-0.1491367245752756	0
0.07988160055387991	8.471356787956823	3.889166229191261e-17	nonce	Vietnamese	1.2388961990792366	0
0.06923762015435121	7.4654357586358095	1.1066056874768296e-13	nonce	Vietnamese	-0.22562910827737562	0
0.07065158321201348	7.6512249662898	2.7372587898649056e-14	nonce	Vietnamese	-0.031079268472576676	0
0.07094590410655241	7.626956480910641	3.301401862970022e-14	nonce	Vietnamese	0.009416897656701896	0
0.0695537970814817	7.572562136013456	4.981830832703603e-14	nonce	Vietnamese	-0.18212572946569106	0
0.06397710752552191	6.937678257018656	4.969701303146356e-12	nonce	Vietnamese	-0.9494329471993924	0
0.080284909070454	8.714170598486618	4.990377200171045e-18	nonce	Vietnamese	1.2943881773641053	0
0.061092136432893636	6.702641336717694	2.4760338655320235e-11	nonce	Vietnamese	-1.34638155266032	0
0.08271765334809089	8.846506030921727	1.589523704336399e-18	nonce	Vietnamese	1.6291140437405556	0
0.063076729850735	6.794094802861533	1.3343034911744467e-11	nonce	Vietnamese	-1.0733176070173234	0
0.07070008674488756	7.575194800962289	4.8860764103370927e-14	nonce	Vietnamese	-0.02440557604512313	0
0.06250834834376161	6.722803958950048	2.1600118724637076e-11	nonce	Vietnamese	-1.1515222889080259	0
0.06820599420268833	7.3880499830113076	1.973807205975851e-13	nonce	Vietnamese	-0.3675724656705401	0
0.06832635293356192	7.381092632948554	2.0629872979928774e-13	nonce	Vietnamese	-0.3510120812363961	0
0.08054582527339105	8.698988265305507	5.702147709906461e-18	nonce	Vietnamese	1.3302881290699173	0
0.07057334225254544	7.408233978868888	1.6997786409224584e-13	nonce	Vietnamese	-0.041844589425054306	0
0.0681582845656276	7.36402070399496	2.341658834832486e-13	nonce	Vietnamese	-0.37413692447801145	0
0.06255394150125358	6.971609937287551	3.914937381475792e-12	nonce	Vietnamese	-1.1452490405100628	0
0.07482855925519882	8.30511723335681	1.551689642411271e-16	nonce	Vietnamese	0.5436387311714367	0
0.07782128720813715	8.665779128955537	7.51401251663338e-18	nonce	Vietnamese	0.9554138059644903	0
0.08457618720932372	9.323800094366268	2.243061148129725e-20	nonce	Vietnamese	1.8848332176010414	0
0.0678248588223282	7.421987135452287	1.5280381390597997e-13	nonce	Vietnamese	-0.42001360038844354	0
0.0605826007226354	6.47746186227074	1.1065677009738304e-10	nonce	Vietnamese	-1.4164895305656673	0
0.07912448136201342	8.697910251781805	5.712570088212432e-18	nonce	Vietnamese	1.134722743703185	0
0.07745668150625258	8.421181011562988	5.904890392116658e-17	nonce	Vietnamese	0.9052470208358636	0
0.07855765685181477	8.565105641739853	1.7755496665992568e-17	nonce	Vietnamese	1.0567322919307747	0
0.065952009100082	7.1992027082861725	7.824640516832059e-13	nonce	Vietnamese	-0.6777025205246358	0
0.07472638791357818	8.07184955784815	1.0201618168675839e-15	nonce	Vietnamese	0.5295807838741418	0
0.08167266417158274	8.828792961510777	1.838875414822883e-18	nonce	Vietnamese	1.4853320150760065	0
0.0805956736560148	8.890089267161912	1.0788916530636723e-18	nonce	Vietnamese	1.337146861906979	0
0.07612360092069269	8.098221614186963	8.344108600894908e-16	nonce	Vietnamese	0.7218259526812585	0
0.07272186859792687	7.935101721901289	3.0311581151487075e-15	nonce	Vietnamese	0.2537751964280691	0
0.06391928954897272	6.973392836050589	3.8627487867709146e-12	nonce	Vietnamese	-0.9573882314725756	0
0.07158882845053834	7.660030310255366	2.5593464025761953e-14	nonce	Vietnamese	0.09787806886711943	0
0.06721469601821506	7.210935429867113	7.189452439613989e-13	nonce	Vietnamese	-0.5039670496329507	0
0.08104136130235765	8.704438579926368	5.472730425759473e-18	nonce	Vietnamese	1.3984698644628835	0
0.07731847077606784	8.514957101759574	2.6900645738043633e-17	nonce	Vietnamese	0.8862303461985485	0
0.07312542601563	8.043516235488534	1.2937423991609843e-15	nonce	Vietnamese	0.30930142148800005	0
0.07165767142092742	7.808098151317146	8.187383318715926e-15	nonce	Vietnamese	0.10735030280442409	0
0.06293667228209242	6.9468769872894685	4.638772841883499e-12	nonce	Vietnamese	-1.0925883916359207	0
0.08272522124092181	8.903755937151722	9.572182744922956e-19	nonce	Vietnamese	1.6301553243666207	0
0.06978415105806328	7.35453591293755	2.516516371969388e-13	nonce	Vietnamese	-0.15043089203730786	0
0.07034010675714356	7.6508434263313525	2.7541255755239808e-14	nonce	Vietnamese	-0.07393590045424797	0
0.0789445324729018	8.352349224039305	1.052338279080658e-16	nonce	Vietnamese	1.1099632371800108	0
0.06889241187603798	7.446161451664917	1.2783035666676287e-13	nonce	Vietnamese	-0.273126965368612	0
0.05701151158123952	6.3037214066726035	3.3763852876628214e-10	nonce	Vietnamese	-1.9078424104180425	0
0.07267518694051084	7.709749562127768	1.754313393818989e-14	nonce	Vietnamese	0.24735217927574926	0
0.07090280159477318	7.936843355047372	2.985959204508749e-15	nonce	Vietnamese	0.0034863418926083505	0
0.0707251523259175	7.607982737355426	3.81398422590936e-14	nonce	Vietnamese	-0.02095675554902693	0
0.07402163943844667	8.239089316687043	2.6438892862673115e-16	nonce	Vietnamese	0.43261311403544334	0
0.056407053171749016	6.178865887150248	7.410752882798302e-10	nonce	Vietnamese	-1.9910109812642054	0
0.06577231215666958	6.971281896367003	3.926777560586513e-12	nonce	Vietnamese	-0.7024273613646074	0
0.0735891917807806	7.956876406707745	2.572157973765608e-15	nonce	Vietnamese	0.3731118264544289	0
0.07005001494372515	7.393472472715126	1.8947065048859797e-13	nonce	Vietnamese	-0.11385017934817031	0
0.06682429541608165	7.2988202199762915	3.7929671278836224e-13	nonce	Vietnamese	-0.5576830036624185	0
0.08197906149726034	8.952802591011984	6.220400078223904e-19	nonce	Vietnamese	1.5274898001073558	0
0.07918669004825012	8.411948053238119	6.412200817675634e-17	nonce	Vietnamese	1.1432821539906268	0
0.07371501040732502	7.837647780232702	6.5392601026156234e-15	nonce	Vietnamese	0.39042344821571123	0
0.06853863825027473	7.508762893557424	8.031100393561508e-14	nonce	Vietnamese	-0.3218033447453088	0
0.06917004345379565	7.5484969887289735	5.955246674383861e-14	nonce	Vietnamese	-0.23492711376371192	0
0.06152292219141251	6.5812620200070375	5.566663002933309e-11	nonce	Vietnamese	-1.2871089289125683	0
